0 0.4375 0.633333 0.36875 0.65 0.35625 0.647917 0.34843799999999997 0.635417 0.329688 0.635417 0.32343700000000003 0.65 0.321875 0.6625 0.32343700000000003 0.704167 0.328125 0.725 0.33593799999999996 0.741667 0.34843799999999997 0.739583 0.35 0.733333 0.3625 0.7166669999999999 0.371875 0.710417 0.41718700000000003 0.7 0.46093799999999996 0.6854169999999999 0.478125 0.683333 0.484375 0.679167 0.49218799999999996 0.664583 0.49218799999999996 0.635417 0.484375 0.625 0.46093799999999996 0.6270830000000001 0.451562 0.633333 0.4375 0.633333
0 0.2375 0.510417 0.23125 0.516667 0.228125 0.525 0.225 0.545833 0.2 0.55625 0.165625 0.577083 0.160938 0.5916669999999999 0.16406199999999999 0.616667 0.171875 0.625 0.196875 0.625 0.215625 0.620833 0.225 0.6229169999999999 0.24375 0.64375 0.264062 0.63125 0.28125 0.6270830000000001 0.2875 0.620833 0.296875 0.589583 0.296875 0.566667 0.2875 0.527083 0.28125 0.516667 0.27031299999999997 0.508333 0.25468799999999997 0.5125 0.2375 0.510417
0 0.32031200000000004 0.35 0.315625 0.35625 0.204687 0.377083 0.2 0.385417 0.2 0.420833 0.20625 0.427083 0.21406200000000003 0.42916699999999997 0.303125 0.422917 0.3125 0.427083 0.325 0.44583300000000003 0.33281299999999997 0.44583300000000003 0.35156200000000004 0.4375 0.359375 0.43125 0.365625 0.410417 0.3625 0.33541699999999997 0.35625 0.327083 0.326562 0.325 0.321875 0.333333 0.32031200000000004 0.35
0 0.378125 0.241667 0.376563 0.24583300000000002 0.38593700000000003 0.2625 0.37968799999999997 0.270833 0.37031200000000003 0.275 0.357812 0.291667 0.326562 0.32083300000000003 0.321875 0.329167 0.31875 0.345833 0.325 0.354167 0.359375 0.35208300000000003 0.38281200000000004 0.339583 0.390625 0.339583 0.40156200000000003 0.347917 0.415625 0.345833 0.41875 0.33541699999999997 0.425 0.329167 0.434375 0.30416699999999997 0.439063 0.297917 0.435937 0.279167 0.41718700000000003 0.23958300000000002 0.409375 0.22916699999999998 0.4 0.22916699999999998 0.389062 0.241667 0.378125 0.241667
0 0.484375 0.30416699999999997 0.49375 0.30625 0.501563 0.3125 0.510938 0.3125 0.5125 0.30625 0.520312 0.3 0.615625 0.302083 0.620313 0.297917 0.625 0.285417 0.626563 0.260417 0.615625 0.24583300000000002 0.598437 0.24583300000000002 0.579688 0.2375 0.560937 0.2375 0.548438 0.23125 0.528125 0.22916699999999998 0.520312 0.20625 0.515625 0.2 0.49531200000000003 0.202083 0.4875 0.20625 0.482812 0.21458300000000002 0.47656200000000004 0.24375 0.475 0.28125 0.478125 0.297917 0.484375 0.30416699999999997
0 0.648438 0.097917 0.642188 0.10416700000000001 0.639062 0.1125 0.642188 0.14166700000000002 0.615625 0.175 0.603125 0.19583299999999998 0.596875 0.216667 0.601562 0.22916699999999998 0.607812 0.233333 0.61875 0.233333 0.625 0.22916699999999998 0.660937 0.183333 0.665625 0.183333 0.679688 0.19375 0.684375 0.191667 0.685937 0.183333 0.69375 0.175 0.695312 0.152083 0.703125 0.13958299999999998 0.7 0.120833 0.689063 0.1 0.675 0.089583 0.667188 0.089583 0.660937 0.095833 0.648438 0.097917
0 0.53125 0.441667 0.53125 0.454167 0.520312 0.479167 0.39843799999999996 0.60625 0.392188 0.6229169999999999 0.39375 0.639583 0.40156200000000003 0.645833 0.43125 0.639583 0.47968700000000003 0.589583 0.49218799999999996 0.570833 0.509375 0.558333 0.548438 0.516667 0.55625 0.516667 0.567187 0.527083 0.571875 0.527083 0.58125 0.516667 0.582812 0.5020830000000001 0.590625 0.49375 0.590625 0.483333 0.5875 0.46875 0.576562 0.441667 0.559375 0.425 0.551562 0.425 0.5375 0.433333 0.53125 0.441667
0 0.20781299999999997 0.17083299999999998 0.185938 0.177083 0.159375 0.17916700000000002 0.151562 0.17291700000000002 0.146875 0.15625 0.140625 0.15625 0.1375 0.1625 0.121875 0.16458299999999998 0.125 0.24583300000000002 0.129688 0.2625 0.135937 0.26875 0.146875 0.26875 0.154688 0.27291699999999997 0.157812 0.26875 0.157812 0.260417 0.16875 0.24583300000000002 0.21406200000000003 0.2375 0.232813 0.2375 0.248438 0.23125 0.282813 0.22916699999999998 0.298438 0.22291699999999998 0.325 0.220833 0.33906200000000003 0.21458300000000002 0.375 0.2125 0.390625 0.204167 0.39531299999999997 0.191667 0.39531299999999997 0.17291700000000002 0.389062 0.154167 0.37031200000000003 0.152083 0.3375 0.160417 0.20781299999999997 0.17083299999999998
1 0.840625 0.410417 0.851562 0.422917 0.875 0.425 0.8875 0.41458300000000003 0.895312 0.39375 0.898438 0.372917 0.895312 0.360417 0.884375 0.345833 0.873437 0.339583 0.859375 0.339583 0.848437 0.345833 0.842187 0.354167 0.83125 0.39375 0.840625 0.410417
1 0.765625 0.291667 0.76875 0.31875 0.775 0.327083 0.79375 0.339583 0.803125 0.3375 0.817187 0.327083 0.828125 0.30416699999999997 0.826562 0.277083 0.81875 0.264583 0.803125 0.254167 0.792188 0.254167 0.779687 0.260417 0.773438 0.26875 0.765625 0.291667
1 0.795312 0.252083 0.814063 0.25625 0.821875 0.2625 0.832812 0.28125 0.845313 0.27291699999999997 0.857812 0.254167 0.859375 0.227083 0.854688 0.21458300000000002 0.846875 0.204167 0.839063 0.2 0.820312 0.2 0.809375 0.20625 0.801562 0.21875 0.796875 0.233333 0.795312 0.252083
1 0.635938 0.483333 0.640625 0.5125 0.64375 0.51875 0.671875 0.535417 0.6875 0.527083 0.696875 0.514583 0.703125 0.49375 0.703125 0.472917 0.698438 0.45625 0.689063 0.44375 0.678125 0.439583 0.665625 0.439583 0.65625 0.44375 0.640625 0.466667 0.635938 0.483333
1 0.475 0.435417 0.49218799999999996 0.439583 0.510938 0.439583 0.521875 0.42916699999999997 0.53125 0.408333 0.53125 0.389583 0.520312 0.3625 0.510938 0.35208300000000003 0.501563 0.347917 0.490625 0.35 0.47343799999999997 0.364583 0.465625 0.38333300000000003 0.46406200000000003 0.422917 0.475 0.435417
1 0.41875 0.466667 0.45 0.466667 0.45781299999999997 0.458333 0.459375 0.447917 0.467187 0.42916699999999997 0.46875 0.4125 0.465625 0.395833 0.46093799999999996 0.385417 0.45 0.372917 0.420312 0.372917 0.41406200000000004 0.379167 0.403125 0.40625 0.4 0.43125 0.41875 0.466667
1 0.346875 0.095833 0.36875 0.11041700000000002 0.37968799999999997 0.10833299999999998 0.396875 0.097917 0.39843799999999996 0.05 0.39375 0.035417 0.37968799999999997 0.022917 0.359375 0.022917 0.353125 0.027083000000000003 0.34375 0.04375 0.340625 0.0625 0.340625 0.0875 0.346875 0.095833
1 0.58125 0.14791700000000002 0.59375 0.175 0.60625 0.18125 0.61875 0.18125 0.642188 0.15625 0.646875 0.14791700000000002 0.646875 0.1375 0.642188 0.120833 0.63125 0.10833299999999998 0.620313 0.10416700000000001 0.60625 0.10416700000000001 0.595313 0.11041700000000002 0.5875 0.120833 0.58125 0.1375 0.58125 0.14791700000000002
1 0.47968700000000003 0.5958330000000001 0.47968700000000003 0.6125 0.49375 0.652083 0.529687 0.652083 0.539062 0.6375 0.548438 0.604167 0.548438 0.59375 0.542188 0.579167 0.528125 0.5625 0.514062 0.558333 0.490625 0.56875 0.485938 0.577083 0.47968700000000003 0.5958330000000001