1 0.21406200000000003 0.275 0.242188 0.28958300000000003 0.25781200000000004 0.283333 0.271875 0.270833 0.271875 0.21458300000000002 0.264062 0.2 0.25468799999999997 0.197917 0.246875 0.191667 0.23125 0.191667 0.21406200000000003 0.202083 0.20781299999999997 0.2125 0.20781299999999997 0.264583 0.21406200000000003 0.275
1 0.35625 0.314583 0.357812 0.35208300000000003 0.36718799999999996 0.36875 0.390625 0.36875 0.41093799999999997 0.360417 0.420312 0.35 0.425 0.325 0.423438 0.30625 0.41718700000000003 0.2875 0.409375 0.279167 0.384375 0.279167 0.373437 0.285417 0.360938 0.302083 0.35625 0.314583
1 0.528125 0.225 0.553125 0.247917 0.564063 0.247917 0.584375 0.2375 0.589063 0.21875 0.590625 0.1875 0.585938 0.175 0.578125 0.166667 0.554688 0.16458299999999998 0.545312 0.16875 0.5375 0.177083 0.53125 0.19375 0.528125 0.225
1 0.676562 0.254167 0.675 0.29375 0.678125 0.30416699999999997 0.684375 0.3125 0.709375 0.316667 0.721875 0.314583 0.726562 0.310417 0.735938 0.283333 0.735938 0.252083 0.73125 0.23958300000000002 0.709375 0.233333 0.698438 0.235417 0.684375 0.24375 0.676562 0.254167
1 0.882812 0.285417 0.895312 0.302083 0.901563 0.30625 0.928125 0.308333 0.934375 0.302083 0.945312 0.270833 0.945312 0.252083 0.942187 0.24375 0.928125 0.22916699999999998 0.903125 0.22916699999999998 0.892188 0.23958300000000002 0.88125 0.266667 0.879687 0.277083 0.882812 0.285417
1 0.840625 0.447917 0.86875 0.45 0.878125 0.4375 0.889062 0.40625 0.889062 0.39791699999999997 0.882812 0.38333300000000003 0.873437 0.370833 0.8625 0.364583 0.84375 0.364583 0.8375 0.36875 0.820312 0.40625 0.820312 0.416667 0.840625 0.447917
1 0.601562 0.39375 0.601562 0.425 0.604688 0.433333 0.625 0.45 0.634375 0.45 0.651563 0.4375 0.657813 0.42916699999999997 0.665625 0.408333 0.665625 0.3875 0.660937 0.36875 0.653125 0.358333 0.639062 0.35208300000000003 0.629687 0.35208300000000003 0.614062 0.360417 0.609375 0.36666699999999997 0.601562 0.39375
1 0.528125 0.579167 0.5375 0.602083 0.548438 0.61875 0.585938 0.61875 0.589063 0.604167 0.60625 0.572917 0.604688 0.547917 0.598437 0.5291669999999999 0.582812 0.5125 0.575 0.508333 0.554688 0.510417 0.546875 0.51875 0.534375 0.54375 0.528125 0.566667 0.528125 0.579167
1 0.846875 0.547917 0.846875 0.566667 0.867188 0.59375 0.875 0.6 0.892188 0.6 0.90625 0.5958330000000001 0.915625 0.583333 0.925 0.558333 0.923438 0.535417 0.910937 0.514583 0.892188 0.50625 0.864062 0.514583 0.851562 0.53125 0.846875 0.547917
1 0.446875 0.829167 0.44375 0.852083 0.44531200000000004 0.88125 0.471875 0.910417 0.485938 0.9083330000000001 0.501563 0.89375 0.510938 0.889583 0.51875 0.86875 0.521875 0.85 0.521875 0.833333 0.51875 0.820833 0.504687 0.802083 0.49375 0.795833 0.478125 0.795833 0.46406200000000003 0.802083 0.453125 0.8125 0.446875 0.829167
0 0.29218700000000003 0.516667 0.275 0.50625 0.2625 0.510417 0.25625 0.516667 0.253125 0.5333330000000001 0.24531200000000003 0.54375 0.24375 0.570833 0.240625 0.577083 0.242188 0.589583 0.28593799999999997 0.6375 0.298438 0.61875 0.3125 0.608333 0.31875 0.6 0.32343700000000003 0.56875 0.37031200000000003 0.514583 0.376563 0.49166699999999997 0.373437 0.47708300000000003 0.360938 0.466667 0.34843799999999997 0.470833 0.3 0.516667 0.29218700000000003 0.516667