0 0.934375 0.620833 0.928125 0.620833 0.917188 0.64375 0.857812 0.633333 0.839063 0.6270830000000001 0.823438 0.6270830000000001 0.815625 0.635417 0.8125 0.64375 0.8125 0.66875 0.814063 0.675 0.828125 0.683333 0.853125 0.6895830000000001 0.9 0.7125 0.9125 0.722917 0.915625 0.729167 0.923438 0.733333 0.940625 0.71875 0.954688 0.7166669999999999 0.965625 0.675 0.965625 0.65 0.964063 0.641667 0.959375 0.635417 0.945312 0.63125 0.934375 0.620833
0 0.7625 0.470833 0.796875 0.514583 0.828125 0.566667 0.875 0.635417 0.889062 0.641667 0.903125 0.639583 0.9125 0.6229169999999999 0.909375 0.60625 0.801562 0.43125 0.8 0.422917 0.804688 0.41458300000000003 0.804688 0.40625 0.8 0.39791699999999997 0.79375 0.39375 0.782813 0.395833 0.770312 0.404167 0.754687 0.420833 0.740625 0.45 0.742188 0.464583 0.75 0.470833 0.7625 0.470833
0 0.695312 0.329167 0.684375 0.3375 0.673438 0.358333 0.670312 0.372917 0.675 0.404167 0.689063 0.422917 0.696875 0.422917 0.70625 0.42916699999999997 0.726562 0.422917 0.745313 0.39375 0.748437 0.38333300000000003 0.748437 0.364583 0.742188 0.354167 0.748437 0.329167 0.748437 0.308333 0.745313 0.302083 0.735938 0.3 0.725 0.30416699999999997 0.707812 0.327083 0.695312 0.329167
0 0.614062 0.36666699999999997 0.6375 0.4125 0.639062 0.439583 0.659375 0.514583 0.664062 0.520833 0.678125 0.520833 0.6875 0.516667 0.695312 0.5020830000000001 0.695312 0.49166699999999997 0.685937 0.454167 0.676562 0.42916699999999997 0.66875 0.377083 0.665625 0.36875 0.66875 0.3625 0.66875 0.34375 0.665625 0.33125 0.659375 0.322917 0.63125 0.333333 0.620313 0.341667 0.614062 0.35208300000000003 0.614062 0.36666699999999997
0 0.54375 0.316667 0.539062 0.329167 0.546875 0.347917 0.546875 0.372917 0.51875 0.458333 0.515625 0.479167 0.51875 0.4875 0.532813 0.495833 0.545312 0.495833 0.559375 0.4625 0.56875 0.42916699999999997 0.582812 0.39375 0.604688 0.38333300000000003 0.615625 0.3625 0.6125 0.32083300000000003 0.609375 0.3125 0.598437 0.3 0.579688 0.291667 0.564063 0.291667 0.553125 0.3 0.54375 0.316667
0 0.745313 0.1875 0.745313 0.20625 0.742188 0.21458300000000002 0.760938 0.2375 0.760938 0.241667 0.78125 0.24375 0.795312 0.2375 0.815625 0.20833300000000002 0.820312 0.189583 0.820312 0.17291700000000002 0.809375 0.145833 0.796875 0.135417 0.773438 0.13958299999999998 0.757812 0.125 0.742188 0.125 0.7375 0.13125 0.732812 0.145833 0.734375 0.160417 0.745313 0.1875
0 0.32343700000000003 0.11458299999999999 0.325 0.13125 0.329688 0.135417 0.340625 0.1375 0.346875 0.14791700000000002 0.37031200000000003 0.26875 0.384375 0.35625 0.392188 0.375 0.4125 0.375 0.41875 0.36875 0.41875 0.33541699999999997 0.39375 0.202083 0.3875 0.15625 0.38281200000000004 0.13958299999999998 0.384375 0.127083 0.39375 0.10416700000000001 0.39531299999999997 0.089583 0.384375 0.072917 0.378125 0.05625 0.365625 0.052083000000000004 0.346875 0.052083000000000004 0.33593799999999996 0.060417 0.328125 0.072917 0.328125 0.09375 0.32343700000000003 0.11458299999999999
0 0.303125 0.33125 0.298438 0.35208300000000003 0.30625 0.385417 0.32031200000000004 0.40625 0.328125 0.410417 0.35625 0.408333 0.36875 0.395833 0.376563 0.375 0.378125 0.3625 0.38281200000000004 0.35208300000000003 0.38281200000000004 0.333333 0.378125 0.325 0.36875 0.32083300000000003 0.35468700000000003 0.30416699999999997 0.346875 0.23958300000000002 0.33906200000000003 0.225 0.328125 0.220833 0.31718799999999997 0.227083 0.3125 0.2375 0.3125 0.316667 0.303125 0.33125
1 0.459375 0.797917 0.47343799999999997 0.8125 0.50625 0.808333 0.520312 0.789583 0.526563 0.76875 0.528125 0.75 0.521875 0.727083 0.515625 0.7166669999999999 0.501563 0.70625 0.47343799999999997 0.708333 0.46406200000000003 0.7208330000000001 0.45 0.760417 0.45 0.777083 0.459375 0.797917
1 0.785937 0.7833330000000001 0.810937 0.8 0.823438 0.8 0.832812 0.791667 0.85 0.7625 0.853125 0.7520830000000001 0.853125 0.7375 0.845313 0.714583 0.835938 0.704167 0.81875 0.695833 0.804688 0.695833 0.776563 0.725 0.773438 0.73125 0.775 0.7479169999999999 0.785937 0.7833330000000001
1 0.403125 0.497917 0.39843799999999996 0.520833 0.39843799999999996 0.535417 0.41406200000000004 0.566667 0.453125 0.566667 0.459375 0.558333 0.47343799999999997 0.51875 0.47343799999999997 0.497917 0.467187 0.48125 0.45625 0.466667 0.44218799999999997 0.4625 0.425 0.464583 0.415625 0.472917 0.403125 0.497917
1 0.4875 0.3875 0.501563 0.404167 0.510938 0.410417 0.532813 0.40625 0.5375 0.402083 0.545312 0.379167 0.548438 0.35208300000000003 0.539062 0.33125 0.528125 0.322917 0.504687 0.325 0.498437 0.33125 0.490625 0.35208300000000003 0.4875 0.36666699999999997 0.4875 0.3875
1 0.590625 0.472917 0.61875 0.475 0.626563 0.466667 0.639062 0.435417 0.640625 0.420833 0.634375 0.404167 0.626563 0.39375 0.617188 0.3875 0.596875 0.3875 0.5875 0.39375 0.576562 0.416667 0.571875 0.44375 0.590625 0.472917
1 0.248438 0.41458300000000003 0.240625 0.44583300000000003 0.23906299999999997 0.46875 0.242188 0.47708300000000003 0.26093700000000003 0.495833 0.27656200000000003 0.5 0.30468799999999996 0.4875 0.310937 0.48125 0.31875 0.46041699999999997 0.31875 0.42916699999999997 0.314063 0.416667 0.298438 0.402083 0.282813 0.39791699999999997 0.265625 0.4 0.25625 0.404167 0.248438 0.41458300000000003
1 0.11875 0.30416699999999997 0.140625 0.325 0.151562 0.325 0.176563 0.3125 0.182812 0.302083 0.182812 0.25 0.171875 0.233333 0.157812 0.225 0.135937 0.22916699999999998 0.123438 0.241667 0.11875 0.254167 0.11875 0.30416699999999997
1 0.048437999999999995 0.266667 0.0625 0.254167 0.064062 0.22916699999999998 0.057813 0.197917 0.053125 0.191667 0.028125 0.18125 0.0125 0.183333 0 0.191667 0.0015630000000000002 0.264583 0.023438 0.27291699999999997 0.034375 0.27291699999999997 0.048437999999999995 0.266667
1 0.096875 0.80625 0.10625 0.827083 0.125 0.833333 0.145313 0.833333 0.15625 0.822917 0.15625 0.81875 0.16875 0.8 0.171875 0.7875 0.16875 0.760417 0.157812 0.733333 0.142187 0.727083 0.121875 0.729167 0.10625 0.741667 0.096875 0.760417 0.09375 0.777083 0.096875 0.80625