0 0.129688 0.175 0.151562 0.185417 0.204687 0.22291699999999998 0.210938 0.233333 0.210938 0.25 0.22968700000000003 0.25 0.25468799999999997 0.216667 0.25625 0.17291700000000002 0.242188 0.15625 0.228125 0.154167 0.221875 0.1625 0.217188 0.1625 0.057813 0.07083300000000001 0.05 0.07083300000000001 0.040625 0.08541699999999999 0.040625 0.11458299999999999 0.046875 0.12291700000000001 0.123438 0.16875 0.129688 0.175
0 0.46875 0.05625 0.4625 0.0625 0.40625 0.095833 0.33125 0.145833 0.32343700000000003 0.14791700000000002 0.314063 0.158333 0.310937 0.175 0.3125 0.1875 0.321875 0.2 0.33125 0.2 0.478125 0.11041700000000002 0.484375 0.11041700000000002 0.49375 0.11875 0.503125 0.116667 0.50625 0.10833299999999998 0.50625 0.097917 0.514062 0.089583 0.514062 0.08125 0.509375 0.05625 0.501563 0.0375 0.49531200000000003 0.029167 0.485938 0.027083000000000003 0.46875 0.045833 0.46875 0.05625
0 0.478125 0.22291699999999998 0.48125 0.25 0.48906299999999997 0.260417 0.507812 0.275 0.525 0.275 0.542188 0.247917 0.546875 0.2 0.535937 0.191667 0.50625 0.183333 0.484375 0.14791700000000002 0.47656200000000004 0.14166700000000002 0.467187 0.14166700000000002 0.45781299999999997 0.154167 0.45781299999999997 0.177083 0.47343799999999997 0.216667 0.478125 0.22291699999999998
0 0.7 0.145833 0.7 0.152083 0.689063 0.1625 0.56875 0.210417 0.55625 0.220833 0.554688 0.235417 0.5625 0.25833300000000003 0.573438 0.260417 0.65 0.23125 0.659375 0.225 0.673438 0.22291699999999998 0.682813 0.216667 0.698438 0.2125 0.71875 0.21458300000000002 0.740625 0.191667 0.742188 0.16875 0.7375 0.15 0.729688 0.13333299999999998 0.721875 0.13125 0.703125 0.14166700000000002 0.7 0.145833
0 0.771875 0.2625 0.785937 0.260417 0.80625 0.266667 0.820312 0.285417 0.823438 0.308333 0.8375 0.310417 0.846875 0.302083 0.864062 0.247917 0.867188 0.23125 0.864062 0.21875 0.845313 0.20833300000000002 0.842187 0.210417 0.834375 0.22916699999999998 0.823438 0.23125 0.807813 0.22291699999999998 0.759375 0.20625 0.746875 0.20833300000000002 0.7375 0.23125 0.7375 0.23958300000000002 0.740625 0.24375 0.771875 0.2625
0 0.685937 0.39791699999999997 0.695312 0.40625 0.704688 0.40625 0.707812 0.402083 0.707812 0.39375 0.723437 0.370833 0.764062 0.379167 0.803125 0.38125 0.807813 0.377083 0.814063 0.3625 0.814063 0.347917 0.809375 0.339583 0.790625 0.333333 0.767188 0.333333 0.753125 0.327083 0.73125 0.325 0.725 0.316667 0.723437 0.30416699999999997 0.710938 0.291667 0.689063 0.297917 0.678125 0.30625 0.670312 0.322917 0.665625 0.34375 0.665625 0.372917 0.671875 0.39375 0.676562 0.39791699999999997 0.685937 0.39791699999999997
0 0.853125 0.322917 0.871875 0.325 0.926562 0.385417 0.9875 0.464583 0.996875 0.466667 0.996875 0.40625 0.920312 0.30416699999999997 0.9 0.28125 0.898438 0.27291699999999997 0.90625 0.260417 0.90625 0.25625 0.9 0.247917 0.8875 0.247917 0.885938 0.252083 0.878125 0.25625 0.853125 0.28958300000000003 0.848437 0.30416699999999997 0.848437 0.316667 0.853125 0.322917
0 0.885938 0.504167 0.896875 0.510417 0.915625 0.514583 0.921875 0.520833 0.93125 0.522917 0.951562 0.5375 0.970313 0.545833 0.978125 0.545833 0.990625 0.527083 0.990625 0.510417 0.982812 0.5 0.940625 0.464583 0.934375 0.45625 0.934375 0.43125 0.928125 0.420833 0.910937 0.41458300000000003 0.890625 0.41458300000000003 0.871875 0.4375 0.865625 0.45 0.860938 0.47708300000000003 0.865625 0.4875 0.885938 0.504167
0 0.926562 0.597917 0.978125 0.6625 0.985938 0.65625 0.996875 0.635417 0.996875 0.56875 0.984375 0.579167 0.979688 0.577083 0.907813 0.516667 0.895312 0.510417 0.839063 0.466667 0.8 0.433333 0.790625 0.433333 0.775 0.464583 0.779687 0.47708300000000003 0.851562 0.5375 0.9125 0.5958330000000001 0.926562 0.597917
0 0.985938 0.764583 0.984375 0.775 0.990625 0.785417 0.996875 0.789583 0.996875 0.679167 0.978125 0.65625 0.971875 0.641667 0.9375 0.608333 0.929688 0.5958330000000001 0.923438 0.5916669999999999 0.9125 0.59375 0.895312 0.620833 0.895312 0.633333 0.98125 0.75 0.985938 0.764583
0 0.853125 0.833333 0.842187 0.839583 0.83125 0.8625 0.821875 0.8729169999999999 0.73125 0.9041669999999999 0.717187 0.9125 0.710938 0.922917 0.710938 0.9375 0.717187 0.9625 0.723437 0.9708330000000001 0.740625 0.96875 0.835938 0.933333 0.842187 0.933333 0.859375 0.952083 0.867188 0.952083 0.889062 0.93125 0.89375 0.916667 0.89375 0.891667 0.879687 0.85 0.873437 0.8416669999999999 0.860938 0.833333 0.853125 0.833333
0 0.407813 0.8458330000000001 0.434375 0.84375 0.6 0.8458330000000001 0.609375 0.835417 0.614062 0.822917 0.6125 0.795833 0.609375 0.789583 0.601562 0.785417 0.41093799999999997 0.777083 0.404687 0.76875 0.403125 0.758333 0.396875 0.7520830000000001 0.378125 0.758333 0.371875 0.775 0.37031200000000003 0.85 0.378125 0.860417 0.392188 0.8625 0.407813 0.8458330000000001
0 0.248438 0.825 0.235937 0.829167 0.23125 0.8458330000000001 0.22343799999999997 0.854167 0.217188 0.86875 0.217188 0.9 0.22343799999999997 0.914583 0.235937 0.920833 0.251563 0.95 0.25781200000000004 0.954167 0.267188 0.954167 0.27343799999999996 0.95 0.28593799999999997 0.933333 0.29375 0.933333 0.298438 0.922917 0.296875 0.902083 0.303125 0.8875 0.359375 0.8125 0.36718799999999996 0.80625 0.37031200000000003 0.795833 0.36875 0.777083 0.357812 0.760417 0.35156200000000004 0.75625 0.340625 0.760417 0.26875 0.8375 0.248438 0.825
0 0.26093700000000003 0.516667 0.253125 0.527083 0.24531200000000003 0.5291669999999999 0.23906299999999997 0.535417 0.23125 0.55 0.22968700000000003 0.589583 0.234375 0.608333 0.23906299999999997 0.616667 0.25625 0.6229169999999999 0.29375 0.625 0.303125 0.61875 0.30781200000000003 0.610417 0.31875 0.5645830000000001 0.315625 0.547917 0.298438 0.525 0.3 0.46875 0.30625 0.439583 0.30625 0.41875 0.303125 0.4125 0.282813 0.410417 0.27656200000000003 0.416667 0.26875 0.45 0.26093700000000003 0.516667
0 0.346875 0.45625 0.392188 0.452083 0.415625 0.44583300000000003 0.454688 0.44375 0.4625 0.422917 0.4625 0.4 0.454688 0.389583 0.340625 0.395833 0.33125 0.377083 0.321875 0.375 0.30781200000000003 0.38125 0.30468799999999996 0.4125 0.30156299999999997 0.41875 0.310937 0.479167 0.33125 0.479167 0.334375 0.466667 0.346875 0.45625
0 0.704688 0.5645830000000001 0.715625 0.570833 0.721875 0.570833 0.729688 0.5604169999999999 0.753125 0.504167 0.751563 0.495833 0.74375 0.489583 0.734375 0.4875 0.723437 0.5 0.717187 0.497917 0.598437 0.404167 0.590625 0.402083 0.582812 0.410417 0.573438 0.4375 0.576562 0.44583300000000003 0.675 0.53125 0.704688 0.5645830000000001
0 0.290625 0.260417 0.28906200000000004 0.277083 0.284375 0.28125 0.251563 0.29375 0.176563 0.33125 0.114062 0.358333 0.109375 0.364583 0.107813 0.372917 0.109375 0.395833 0.117188 0.408333 0.129688 0.408333 0.157812 0.39375 0.16875 0.391667 0.28593799999999997 0.339583 0.3 0.339583 0.30781200000000003 0.347917 0.32343700000000003 0.34375 0.33125 0.325 0.33125 0.310417 0.32343700000000003 0.277083 0.31718799999999997 0.260417 0.310937 0.252083 0.3 0.252083 0.290625 0.260417
1 0.625 0.08125 0.642188 0.09375 0.654687 0.09375 0.671875 0.079167 0.675 0.064583 0.675 0.039583 0.671875 0.029167 0.660937 0.016667 0.651563 0.0125 0.640625 0.0125 0.625 0.022917 0.61875 0.045833 0.61875 0.06875 0.625 0.08125
1 0.5375 0.1875 0.542188 0.19375 0.546875 0.21458300000000002 0.55 0.216667 0.559375 0.204167 0.564063 0.189583 0.564063 0.17291700000000002 0.559375 0.154167 0.548438 0.14375 0.523438 0.14375 0.517188 0.14791700000000002 0.507812 0.166667 0.507812 0.177083 0.517188 0.185417 0.5375 0.1875
1 0.660937 0.260417 0.665625 0.279167 0.670312 0.285417 0.69375 0.3 0.703125 0.297917 0.710938 0.291667 0.721875 0.275 0.725 0.260417 0.723437 0.235417 0.709375 0.2125 0.692187 0.2125 0.676562 0.220833 0.660937 0.25 0.660937 0.260417
1 0.760938 0.333333 0.807813 0.333333 0.820312 0.308333 0.821875 0.297917 0.817187 0.283333 0.80625 0.26875 0.796875 0.264583 0.778125 0.264583 0.771875 0.26875 0.759375 0.28958300000000003 0.753125 0.30625 0.753125 0.316667 0.760938 0.333333
1 0.70625 0.589583 0.709375 0.60625 0.717187 0.6270830000000001 0.726562 0.641667 0.757812 0.65 0.767188 0.639583 0.773438 0.6270830000000001 0.782813 0.6 0.782813 0.5875 0.776563 0.56875 0.770312 0.5604169999999999 0.754687 0.552083 0.74375 0.552083 0.73125 0.558333 0.721875 0.572917 0.717187 0.575 0.70625 0.589583
1 0.41093799999999997 0.6125 0.41875 0.6229169999999999 0.43125 0.63125 0.44375 0.63125 0.46093799999999996 0.620833 0.470313 0.6125 0.47656200000000004 0.597917 0.47656200000000004 0.55625 0.46875 0.54375 0.45781299999999997 0.535417 0.439063 0.5333330000000001 0.41875 0.545833 0.4125 0.56875 0.41093799999999997 0.6125