1 0.4375 0.30416699999999997 0.44843700000000003 0.333333 0.467187 0.34375 0.47968700000000003 0.345833 0.498437 0.322917 0.501563 0.314583 0.501563 0.295833 0.498437 0.279167 0.48906299999999997 0.260417 0.478125 0.254167 0.467187 0.254167 0.453125 0.2625 0.44375 0.277083 0.4375 0.295833 0.4375 0.30416699999999997
1 0.620313 0.2875 0.628125 0.29375 0.651563 0.29375 0.65625 0.28958300000000003 0.667188 0.260417 0.670312 0.23958300000000002 0.653125 0.21458300000000002 0.625 0.2125 0.620313 0.21875 0.607812 0.254167 0.607812 0.266667 0.620313 0.2875
1 0.770312 0.166667 0.778125 0.1625 0.782813 0.15625 0.7875 0.13333299999999998 0.785937 0.1125 0.78125 0.097917 0.773438 0.089583 0.764062 0.0875 0.740625 0.09375 0.73125 0.11875 0.73125 0.15 0.748437 0.166667 0.770312 0.166667
1 0.840625 0.389583 0.851562 0.41875 0.8625 0.427083 0.88125 0.43125 0.885938 0.42916699999999997 0.904687 0.404167 0.910937 0.391667 0.910937 0.379167 0.903125 0.35625 0.898438 0.35 0.882812 0.341667 0.86875 0.341667 0.8625 0.345833 0.846875 0.36666699999999997 0.840625 0.38333300000000003 0.840625 0.389583
1 0.932813 0.46875 0.951562 0.483333 0.957812 0.483333 0.971875 0.466667 0.976562 0.45625 0.976562 0.441667 0.973437 0.43125 0.9625 0.4125 0.946875 0.404167 0.932813 0.404167 0.91875 0.422917 0.90625 0.44583300000000003 0.909375 0.466667 0.932813 0.46875
1 0.882812 0.50625 0.889062 0.53125 0.895312 0.539583 0.921875 0.55625 0.934375 0.547917 0.95 0.527083 0.95625 0.510417 0.95625 0.4875 0.951562 0.475 0.934375 0.4625 0.9125 0.464583 0.895312 0.479167 0.882812 0.495833 0.882812 0.50625
1 0.404687 0.545833 0.41875 0.570833 0.42656299999999997 0.579167 0.46406200000000003 0.579167 0.470313 0.572917 0.482812 0.541667 0.485938 0.522917 0.484375 0.5 0.471875 0.47708300000000003 0.465625 0.475 0.46093799999999996 0.46875 0.43281200000000003 0.470833 0.420312 0.483333 0.4125 0.5020830000000001 0.404687 0.53125 0.404687 0.545833
1 0.504687 0.7166669999999999 0.510938 0.760417 0.526563 0.775 0.540625 0.78125 0.548438 0.7791669999999999 0.565625 0.7625 0.573438 0.7520830000000001 0.576562 0.741667 0.576562 0.7125 0.571875 0.697917 0.5625 0.6854169999999999 0.548438 0.679167 0.539062 0.679167 0.525 0.6854169999999999 0.510938 0.7 0.504687 0.7166669999999999
1 0.296875 0.089583 0.3 0.097917 0.31718799999999997 0.10833299999999998 0.33593799999999996 0.11041700000000002 0.353125 0.1 0.357812 0.091667 0.35625 0.05 0.35 0.033333 0.342187 0.027083000000000003 0.31718799999999997 0.025 0.309375 0.029167 0.298438 0.05 0.295312 0.07083300000000001 0.296875 0.089583
0 0.778125 0.49375 0.807813 0.53125 0.8125 0.541667 0.815625 0.558333 0.826562 0.5625 0.840625 0.552083 0.86875 0.50625 0.875 0.4875 0.873437 0.475 0.85625 0.452083 0.848437 0.452083 0.8375 0.466667 0.828125 0.466667 0.779687 0.425 0.764062 0.41458300000000003 0.753125 0.41458300000000003 0.739062 0.439583 0.7375 0.44583300000000003 0.740625 0.454167 0.778125 0.49375
0 0.765625 0.22916699999999998 0.7625 0.235417 0.757812 0.2375 0.745313 0.277083 0.745313 0.291667 0.751563 0.308333 0.757812 0.316667 0.804688 0.316667 0.823438 0.277083 0.81875 0.24583300000000002 0.83125 0.20833300000000002 0.83125 0.202083 0.825 0.191667 0.809375 0.189583 0.803125 0.19375 0.782813 0.225 0.765625 0.22916699999999998
0 0.578125 0.079167 0.578125 0.089583 0.567187 0.10416700000000001 0.478125 0.185417 0.46875 0.2 0.46875 0.220833 0.48125 0.233333 0.4875 0.233333 0.590625 0.1375 0.6 0.135417 0.6125 0.14166700000000002 0.617188 0.135417 0.61875 0.12291700000000001 0.628125 0.11041700000000002 0.626563 0.0875 0.620313 0.07083300000000001 0.614062 0.0625 0.6 0.054167 0.58125 0.07083300000000001 0.578125 0.079167
0 0.217188 0.05 0.210938 0.058333 0.140625 0.072917 0.114062 0.083333 0.1125 0.1125 0.11875 0.12291700000000001 0.140625 0.12291700000000001 0.178125 0.116667 0.21406200000000003 0.116667 0.225 0.129167 0.23906299999999997 0.10833299999999998 0.248438 0.10833299999999998 0.25625 0.1125 0.259375 0.10833299999999998 0.26093700000000003 0.079167 0.248438 0.033333 0.21875 0.029167 0.217188 0.05
0 0.225 0.191667 0.228125 0.204167 0.235937 0.20833300000000002 0.246875 0.2 0.25781200000000004 0.2 0.27343799999999996 0.204167 0.28125 0.210417 0.29375 0.2125 0.303125 0.21875 0.315625 0.220833 0.32343700000000003 0.227083 0.334375 0.22916699999999998 0.34843799999999997 0.2375 0.357812 0.2375 0.3625 0.233333 0.36718799999999996 0.21875 0.36718799999999996 0.2 0.36406299999999997 0.19375 0.278125 0.14791700000000002 0.27343799999999996 0.14791700000000002 0.264062 0.1375 0.26093700000000003 0.120833 0.25 0.11458299999999999 0.242188 0.116667 0.240625 0.125 0.232813 0.1375 0.225 0.166667 0.225 0.191667
0 0.215625 0.347917 0.234375 0.347917 0.246875 0.35625 0.253125 0.35208300000000003 0.25468799999999997 0.33541699999999997 0.259375 0.327083 0.315625 0.322917 0.32343700000000003 0.316667 0.32343700000000003 0.28125 0.30625 0.27291699999999997 0.278125 0.270833 0.2625 0.264583 0.25781200000000004 0.25833300000000003 0.25781200000000004 0.24583300000000002 0.251563 0.23125 0.242188 0.235417 0.220312 0.235417 0.215625 0.23958300000000002 0.20781299999999997 0.285417 0.20781299999999997 0.316667 0.210938 0.339583 0.215625 0.347917
0 0.089063 0.325 0.0125 0.375 0.0015630000000000002 0.379167 0 0.45625 0.173437 0.327083 0.17968800000000001 0.316667 0.17968800000000001 0.2875 0.170313 0.277083 0.160938 0.277083 0.139063 0.2875 0.089063 0.325
0 0.623437 0.510417 0.621875 0.51875 0.614062 0.5333330000000001 0.609375 0.5604169999999999 0.61875 0.583333 0.626563 0.5916669999999999 0.660937 0.59375 0.673438 0.5875 0.685937 0.566667 0.692187 0.535417 0.692187 0.520833 0.682813 0.50625 0.671875 0.5 0.665625 0.5 0.660937 0.49375 0.657813 0.46875 0.642188 0.402083 0.634375 0.395833 0.626563 0.395833 0.617188 0.404167 0.6125 0.416667 0.614062 0.454167 0.623437 0.510417