1 0.315625 0.22916699999999998 0.33906200000000003 0.247917 0.353125 0.247917 0.36875 0.241667 0.373437 0.235417 0.375 0.189583 0.37031200000000003 0.175 0.35468700000000003 0.160417 0.334375 0.160417 0.328125 0.16458299999999998 0.32031200000000004 0.177083 0.315625 0.210417 0.315625 0.22916699999999998
1 0.42656299999999997 0.44375 0.453125 0.452083 0.46875 0.439583 0.47656200000000004 0.427083 0.47968700000000003 0.416667 0.47968700000000003 0.404167 0.471875 0.377083 0.4625 0.364583 0.453125 0.360417 0.439063 0.360417 0.42968799999999996 0.36666699999999997 0.41875 0.385417 0.41875 0.420833 0.42656299999999997 0.44375
1 0.5625 0.166667 0.573438 0.17916700000000002 0.598437 0.185417 0.604688 0.18125 0.614062 0.166667 0.620313 0.145833 0.620313 0.129167 0.614062 0.11458299999999999 0.607812 0.10833299999999998 0.592187 0.102083 0.579688 0.102083 0.564063 0.116667 0.55625 0.14375 0.55625 0.154167 0.5625 0.166667
1 0.639062 0.310417 0.676562 0.310417 0.675 0.302083 0.684375 0.270833 0.684375 0.252083 0.678125 0.235417 0.6625 0.227083 0.653125 0.227083 0.635938 0.235417 0.63125 0.241667 0.623437 0.266667 0.623437 0.29375 0.639062 0.310417
1 0.820312 0.41875 0.828125 0.4375 0.842187 0.44583300000000003 0.845313 0.452083 0.857812 0.454167 0.875 0.439583 0.885938 0.425 0.8875 0.40625 0.882812 0.385417 0.875 0.375 0.867188 0.36875 0.851562 0.364583 0.835938 0.372917 0.828125 0.38333300000000003 0.820312 0.408333 0.820312 0.41875
1 0.764062 0.475 0.770312 0.479167 0.795312 0.47708300000000003 0.804688 0.466667 0.8125 0.452083 0.815625 0.43125 0.809375 0.4125 0.801562 0.4 0.784375 0.391667 0.770312 0.39375 0.760938 0.402083 0.746875 0.4375 0.746875 0.44375 0.764062 0.475
1 0.80625 0.54375 0.823438 0.54375 0.829688 0.5333330000000001 0.834375 0.5333330000000001 0.842187 0.525 0.846875 0.508333 0.845313 0.489583 0.8375 0.472917 0.826562 0.464583 0.810937 0.4625 0.79375 0.470833 0.78125 0.489583 0.776563 0.516667 0.8 0.535417 0.80625 0.54375
1 0.573438 0.6 0.567187 0.625 0.56875 0.6583330000000001 0.595313 0.683333 0.607812 0.68125 0.629687 0.666667 0.6375 0.647917 0.639062 0.614583 0.635938 0.6 0.626563 0.585417 0.610938 0.577083 0.6 0.577083 0.59375 0.583333 0.582812 0.5875 0.573438 0.6
1 0.682813 0.254167 0.682813 0.266667 0.689063 0.279167 0.695312 0.283333 0.721875 0.285417 0.729688 0.277083 0.742188 0.23958300000000002 0.740625 0.22916699999999998 0.735938 0.21875 0.723437 0.20625 0.696875 0.204167 0.690625 0.20833300000000002 0.678125 0.2375 0.678125 0.24583300000000002 0.682813 0.254167
0 0.051562 0.27291699999999997 0.059375 0.270833 0.0625 0.260417 0.071875 0.25 0.298438 0.25 0.309375 0.24583300000000002 0.314063 0.22916699999999998 0.314063 0.20625 0.309375 0.2 0.28906200000000004 0.19375 0.23906299999999997 0.19375 0.184375 0.185417 0.135937 0.185417 0.117188 0.18125 0.070312 0.17916700000000002 0.0625 0.17083299999999998 0.057813 0.152083 0.034375 0.15625 0.026562000000000002 0.1625 0.023438 0.175 0.023438 0.225 0.026562000000000002 0.260417 0.032812999999999995 0.266667 0.051562 0.27291699999999997
0 0.054688 0.464583 0.060937 0.472917 0.070312 0.475 0.073438 0.479167 0.082812 0.479167 0.096875 0.447917 0.104688 0.447917 0.110937 0.452083 0.14843800000000001 0.454167 0.185938 0.4625 0.22343799999999997 0.464583 0.228125 0.46041699999999997 0.232813 0.41875 0.228125 0.41458300000000003 0.10625 0.38333300000000003 0.101562 0.377083 0.101562 0.35208300000000003 0.095312 0.347917 0.082812 0.358333 0.067187 0.354167 0.0625 0.358333 0.057813 0.370833 0.051562 0.408333 0.051562 0.435417 0.054688 0.44583300000000003 0.054688 0.464583
0 0.060937 0.65 0.073438 0.641667 0.0875 0.647917 0.157812 0.7208330000000001 0.178125 0.7208330000000001 0.192188 0.69375 0.190625 0.670833 0.178125 0.652083 0.157812 0.63125 0.135937 0.602083 0.129688 0.58125 0.129688 0.55 0.1 0.5291669999999999 0.084375 0.53125 0.067187 0.545833 0.051562 0.566667 0.042187999999999996 0.585417 0.042187999999999996 0.63125 0.060937 0.65
0 0.35468700000000003 0.6875 0.36875 0.6625 0.48906299999999997 0.65 0.496875 0.639583 0.5 0.6229169999999999 0.498437 0.604167 0.485938 0.5958330000000001 0.36718799999999996 0.602083 0.360938 0.585417 0.346875 0.583333 0.334375 0.5875 0.329688 0.608333 0.33125 0.672917 0.334375 0.6875 0.33906200000000003 0.6895830000000001 0.35468700000000003 0.6875
0 0.35 0.410417 0.359375 0.427083 0.35625 0.433333 0.35 0.433333 0.34375 0.441667 0.342187 0.45625 0.3375 0.46875 0.31718799999999997 0.5020830000000001 0.314063 0.525 0.32031200000000004 0.535417 0.334375 0.5375 0.36875 0.5020830000000001 0.375 0.497917 0.39843799999999996 0.5 0.40625 0.4875 0.41406200000000004 0.464583 0.41406200000000004 0.458333 0.421875 0.441667 0.420312 0.43125 0.38125 0.38125 0.375 0.38333300000000003 0.360938 0.402083 0.35 0.404167 0.35 0.410417
0 0.49375 0.210417 0.496875 0.23958300000000002 0.50625 0.254167 0.509375 0.264583 0.509375 0.333333 0.5125 0.339583 0.525 0.341667 0.535937 0.33125 0.542188 0.3125 0.55 0.26875 0.565625 0.25833300000000003 0.575 0.24583300000000002 0.579688 0.225 0.575 0.191667 0.56875 0.17291700000000002 0.559375 0.158333 0.535937 0.160417 0.514062 0.17083299999999998 0.498437 0.19375 0.49375 0.210417
0 0.635938 0.40625 0.645312 0.4125 0.670312 0.41458300000000003 0.678125 0.404167 0.6875 0.39791699999999997 0.726562 0.402083 0.734375 0.395833 0.740625 0.379167 0.740625 0.370833 0.734375 0.360417 0.7 0.3375 0.696875 0.31875 0.692187 0.308333 0.675 0.30625 0.664062 0.316667 0.651563 0.316667 0.642188 0.325 0.635938 0.34375 0.63125 0.38125 0.635938 0.395833 0.635938 0.40625
0 0.792188 0.6 0.792188 0.61875 0.803125 0.620833 0.809375 0.616667 0.842187 0.566667 0.846875 0.552083 0.846875 0.54375 0.835938 0.53125 0.817187 0.5333330000000001 0.78125 0.510417 0.689063 0.425 0.667188 0.410417 0.657813 0.410417 0.651563 0.420833 0.645312 0.4375 0.646875 0.447917 0.785937 0.5875 0.792188 0.6