1 0.5498046875 0.47208921249999997 0.5244140625 0.47952369062500005 0.4970703125 0.4943926421875 0.490234375 0.5036857359375 0.48828125 0.51483745 0.4921875 0.548292590625 0.4970703125 0.5650201609375001 0.50390625 0.56687878125 0.5517578125 0.5464339703125 0.55859375 0.537140878125 0.556640625 0.5036857359375 0.5498046875 0.47208921249999997
1 0.5673828125 0.6728200609375 0.5546875 0.69698210625 0.556640625 0.719285534375 0.5634765625 0.7397303421875 0.583984375 0.7415889609375 0.595703125 0.715568296875 0.591796875 0.68954763125 0.5869140625 0.6765372984375 0.5673828125 0.6728200609375
1 0.8291015625 0.6839717734375 0.8125 0.7118510578125 0.814453125 0.7415889609375 0.8330078125 0.7620337703125 0.83984375 0.7601751515624999 0.853515625 0.7415889609375 0.853515625 0.7081338203125 0.8466796875 0.6951234875 0.8291015625 0.6839717734375
1 0.7705078125 0.41261340625000004 0.76171875 0.42934097812500005 0.76171875 0.4442099296875 0.7685546875 0.4646547390625 0.783203125 0.46651335625 0.79296875 0.4479271671875 0.79296875 0.425623740625 0.7861328125 0.41261340625000004 0.7705078125 0.41261340625000004
1 0.6337890625 0.721144153125 0.625 0.7378717234375001 0.625 0.7601751515624999 0.6298828125 0.773185484375 0.642578125 0.778761340625 0.65234375 0.767609628125 0.654296875 0.7415889609375 0.6494140625 0.724861390625 0.6337890625 0.721144153125
2 0.16015625 0.5520098296875 0.150390625 0.5222719265625 0.1396484375 0.5055443546875 0.1181640625 0.4943926421875 0.1064453125 0.4981098796875 0.0888671875 0.5166960671874999 0.080078125 0.537140878125 0.07421875 0.56687878125 0.076171875 0.6114856359374999 0.0947265625 0.6542338703125 0.1083984375 0.665385584375 0.12890625 0.663526965625 0.1435546875 0.6505166328125 0.154296875 0.6300718234375 0.162109375 0.5928994453125 0.16015625 0.5520098296875
2 0.728515625 0.596616684375 0.724609375 0.5817477328125 0.7041015625 0.550151209375 0.6904296875 0.542716734375 0.6728515625 0.5464339703125 0.6572265625 0.5613029218750001 0.646484375 0.58546496875 0.640625 0.615202871875 0.640625 0.6449407765624999 0.650390625 0.6821131546875 0.6630859375 0.7025579640624999 0.6767578125 0.7137096781250001 0.697265625 0.7118510578125 0.7099609375 0.7025579640624999 0.724609375 0.6746786796875 0.73046875 0.6486580140625 0.728515625 0.596616684375
2 0.6328125 0.4813823078125 0.626953125 0.45907888124999996 0.6181640625 0.44606854843750005 0.6083984375 0.438634071875 0.5947265625 0.438634071875 0.5849609375 0.44606854843750005 0.57421875 0.46651335625 0.5703125 0.4813823078125 0.5703125 0.5111202109375 0.576171875 0.537140878125 0.5869140625 0.5538684484374999 0.5966796875 0.5613029218750001 0.607421875 0.5594443046875 0.6142578125 0.5575856859375 0.62890625 0.5334236390625 0.6328125 0.5185546875 0.6328125 0.4813823078125
2 0.5888671875 0.5650201609375001 0.578125 0.58546496875 0.576171875 0.6114856359374999 0.5908203125 0.63936491875 0.60546875 0.6375063 0.615234375 0.6189201109375 0.615234375 0.58546496875 0.6044921875 0.5650201609375001 0.5888671875 0.5650201609375001
0 0.5322265625 0.74344758125 0.537109375 0.7378717234375001 0.537109375 0.7081338203125 0.5322265625 0.6876890125 0.5185546875 0.6876890125 0.5107421875 0.7062752015625 0.4306640625 0.717426915625 0.42578125 0.7304372484375 0.4306640625 0.74344758125 0.4375 0.7453062 0.5068359375 0.7322958671875 0.5146484375 0.7322958671875 0.5185546875 0.74344758125 0.5322265625 0.74344758125
0 0.7568359375 0.5538684484374999 0.7353515625 0.5278477828125 0.7314453125 0.5315650187500001 0.724609375 0.544575353125 0.7421875 0.5705960171875 0.74609375 0.5891822078125 0.7568359375 0.609627015625 0.763671875 0.607768396875 0.775390625 0.5817477328125 0.77734375 0.56687878125 0.7666015625 0.550151209375 0.7568359375 0.5538684484374999
0 0.498046875 0.596616684375 0.49609375 0.56687878125 0.4873046875 0.538999496875 0.4814453125 0.542716734375 0.4755859375 0.5613029218750001 0.4677734375 0.5650201609375001 0.3564453125 0.5873235890624999 0.3408203125 0.5947580640625 0.333984375 0.607768396875 0.3388671875 0.6244959671875 0.3671875 0.6226373484375001 0.4775390625 0.5984753031250001 0.4873046875 0.6170614921875 0.4912109375 0.6170614921875 0.498046875 0.596616684375